
          0   0.052512
          1   0.126192
          2   0.285221
          3   0.562694
          4   1.035339
          5   0.363575
          6   0.634814
          7   0.326025
          8   0.219030
          9  -0.315313
         10  -0.086109
         11   0.068525
         12  -0.155758
         13   0.039734
         14  -0.155530
         15  -0.167791
         16  -0.191351
         17   0.126629
         18   0.513813
         19   0.207002
         20   0.151587
         21   0.150671
         22  -0.044976
         23  -0.076913
         24  -0.315140
         25  -0.213426
         26  -0.059474
         27   0.277332
         28  -0.263373
         29  -0.127713
         30  -0.293592
         31  -0.182270
         32   0.176322
         33  -0.159828
         34   0.086871
         35   0.169020
         36  -0.031173
         37  -0.209665
         38   0.036497
         39  -0.028032
         40   0.043480
         41   0.113018
         42  -0.123384
         43   0.044929
         44   0.012072
         45   0.121102
         46  -0.035699
         47  -0.029926
         48  -0.170684
         49  -0.054030
         50   0.179901
         51   0.128188
         52  -0.007198
         53   0.203881
         54  -0.213195
         55  -0.290345
         56  -0.012360
         57   0.274385
         58   0.205165
         59   0.010273
         60  -0.085841
         61  -0.206876
         62  -0.173200
         63  -0.258032
         64   0.022737
         65   0.248105
         66   0.129987
         67   0.017831
         68  -0.115512
         69  -0.050062
         70  -0.047928
         71   0.098348
         72   0.030921
         73   0.019191
         74  -0.095030
         75  -0.184697
         76   0.035495
         77   0.130897
         78   0.074004
         79   0.005662
         80  -0.091227
         81   0.063393
         82   0.020056
         83  -0.055765
         84  -0.011646
         85  -0.100220
         86   0.013063
         87   0.081445
         88   0.058993
         89  -0.076347
         90  -0.090871
         91   0.061453
         92  -0.059389
         93   0.024222
         94   0.064947
         95  -0.039013
         96   0.009399
         97   0.024483
         98  -0.045561
         99   0.026567
