
          0   0.000000
          1   0.003480
          2   0.023068
          3   0.103785
          4   0.354598
          5   0.748270
          6   0.821063
          7   1.067544
          8   0.988589
          9   0.941879
         10   0.973974
         11   1.076064
         12   0.931275
         13   0.987838
         14   1.162248
         15   1.283695
         16   1.205150
         17   1.216230
         18   1.153954
         19   1.262009
         20   0.955064
         21   0.806387
         22   0.533076
         23   0.820169
         24   0.597507
         25   0.770616
         26   0.696193
         27   0.728444
         28   0.729006
         29   0.759261
         30   0.786858
         31   0.961666
         32   1.203143
         33   0.939411
         34   1.075628
         35   1.162882
         36   1.047602
         37   1.078041
         38   1.126474
         39   1.127079
         40   1.138961
         41   1.312817
         42   1.054520
         43   1.288029
         44   1.128835
         45   1.129251
         46   1.047062
         47   1.309632
         48   0.951397
         49   1.108160
         50   1.256316
         51   1.134176
         52   0.705886
         53   1.095436
         54   0.968815
         55   0.771400
         56   0.806368
         57   0.930454
         58   0.906666
         59   0.436867
         60   0.297229
         61   0.561974
         62   0.899737
         63   0.848885
         64   1.049444
         65   1.453431
         66   1.355268
         67   1.195778
         68   0.872924
         69   1.073288
         70   1.048084
         71   1.154005
         72   0.980641
         73   1.037101
         74   0.930341
         75   0.837166
         76   1.208650
         77   1.528276
         78   1.420671
         79   1.144196
         80   0.992030
         81   1.179999
         82   1.017166
         83   0.905256
         84   1.054355
         85   0.830561
         86   1.129982
         87   1.380272
         88   1.126188
         89   0.831223
         90   0.999729
         91   1.335116
         92   1.106862
         93   1.423672
         94   1.484974
         95   1.283668
         96   1.327531
         97   1.385693
         98   1.191324
         99   1.442776
